07500 
07501 
07502 
07503 
07504 
07505 
07506 
07507 
07508 
07509 
075000 
075001 
075002 
075003 
075004 
075005 
075006 
075007 
075008 
075009 
075010 
075011 
075012 
075013 
075014 
075015 
075016 
075017 
075018 
075019 
075020 
075021 
075022 
075023 
075024 
075025 
075026 
075027 
075028 
075029 
075030 
075031 
075032 
075033 
075034 
075035 
075036 
075037 
075038 
075039 
075040 
075041 
075042 
075043 
075044 
075045 
075046 
075047 
075048 
075049 
075050 
075051 
075052 
075053 
075054 
075055 
075056 
075057 
075058 
075059 
075060 
075061 
075062 
075063 
075064 
075065 
075066 
075067 
075068 
075069 
075070 
075071 
075072 
075073 
075074 
075075 
075076 
075077 
075078 
075079 
075080 
075081 
075082 
075083 
075084 
075085 
075086 
075087 
075088 
075089 
075090 
075091 
075092 
075093 
075094 
075095 
075096 
075097 
075098 
075099 
0750000 
0750001 
0750002 
0750003 
0750004 
0750005 
0750006 
0750007 
0750008 
0750009 
0750010 
0750011 
0750012 
0750013 
0750014 
0750015 
0750016 
0750017 
0750018 
0750019 
0750020 
0750021 
0750022 
0750023 
0750024 
0750025 
0750026 
0750027 
0750028 
0750029 
0750030 
0750031 
0750032 
0750033 
0750034 
0750035 
0750036 
0750037 
0750038 
0750039 
0750040 
0750041 
0750042 
0750043 
0750044 
0750045 
0750046 
0750047 
0750048 
0750049 
0750050 
0750051 
0750052 
0750053 
0750054 
0750055 
0750056 
0750057 
0750058 
0750059 
0750060 
0750061 
0750062 
0750063 
0750064 
0750065 
0750066 
0750067 
0750068 
0750069 
0750070 
0750071 
0750072 
0750073 
0750074 
0750075 
0750076 
0750077 
0750078 
0750079 
0750080 
0750081 
0750082 
0750083 
0750084 
0750085 
0750086 
0750087 
0750088 
0750089 
0750090 
0750091 
0750092 
0750093 
0750094 
0750095 
0750096 
0750097 
0750098 
0750099 
0750100 
0750101 
0750102 
0750103 
0750104 
0750105 
0750106 
0750107 
0750108 
0750109 
0750110 
0750111 
0750112 
0750113 
0750114 
0750115 
0750116 
0750117 
0750118 
0750119 
0750120 
0750121 
0750122 
0750123 
0750124 
0750125 
0750126 
0750127 
0750128 
0750129 
0750130 
0750131 
0750132 
0750133 
0750134 
0750135 
0750136 
0750137 
0750138 
0750139 
0750140 
0750141 
0750142 
0750143 
0750144 
0750145 
0750146 
0750147 
0750148 
0750149 
0750150 
0750151 
0750152 
0750153 
0750154 
0750155 
0750156 
0750157 
0750158 
0750159 
0750160 
0750161 
0750162 
0750163 
0750164 
0750165 
0750166 
0750167 
0750168 
0750169 
0750170 
0750171 
0750172 
0750173 
0750174 
0750175 
0750176 
0750177 
0750178 
0750179 
0750180 
0750181 
0750182 
0750183 
0750184 
0750185 
0750186 
0750187 
0750188 
0750189 
0750190 
0750191 
0750192 
0750193 
0750194 
0750195 
0750196 
0750197 
0750198 
0750199 
0750200 
0750201 
0750202 
0750203 
0750204 
0750205 
0750206 
0750207 
0750208 
0750209 
0750210 
0750211 
0750212 
0750213 
0750214 
0750215 
0750216 
0750217 
0750218 
0750219 
0750220 
0750221 
0750222 
0750223 
0750224 
0750225 
0750226 
0750227 
0750228 
0750229 
0750230 
0750231 
0750232 
0750233 
0750234 
0750235 
0750236 
0750237 
0750238 
0750239 
0750240 
0750241 
0750242 
0750243 
0750244 
0750245 
0750246 
0750247 
0750248 
0750249 
0750250 
0750251 
0750252 
0750253 
0750254 
0750255 
0750256 
0750257 
0750258 
0750259 
0750260 
0750261 
0750262 
0750263 
0750264 
0750265 
0750266 
0750267 
0750268 
0750269 
0750270 
0750271 
0750272 
0750273 
0750274 
0750275 
0750276 
0750277 
0750278 
0750279 
0750280 
0750281 
0750282 
0750283 
0750284 
0750285 
0750286 
0750287 
288
